gen:0.7598343685300207
dis:0.7598343685300207
